# bench EOLE photo, generated by bep version 0.1, generation model "A"
bEpInstance_A_10_1
     10      1    100   1000     30     60     50    250    100    4.0
      1     84    394     54    294    494    210
      2     92    197     40     97    297    204
      3     28    554     44    454    654    176
      4     36    513     59    413    613    234
      5     64    718     34    618    818    172
      6      1    243     34    143    343    211
      7     15    401     34    301    501     71
      8    100    218     45    118    318    218
      9     61    296     49    196    396    155
     10     49    973     39    873   1073    205
      0     49     42     32     81     43     17     44     25    145
     49      0     90     80    130     25     54      5     25    194
     42     90      0     10     41     78     38     85     65    104
     32     80     10      0     51     68     28     75     54    115
     81    130     41     51      0    119     80    125    105     63
     43     25     78     68    119      0     39     25     20    182
     17     54     38     28     80     39      0     50     28    143
     44      5     85     75    125     25     50      0     21    189
     25     25     65     54    105     20     28     21      0    169
    145    194    104    115     63    182    143    189    169      0